By Variance, Limit at 16 (without DC coefficient, shifted by 1)

"LenDB":   		[0, 1, 2, 3, 6, 7, 8, 9]
"SCEDC":   		[8, 9, 10, 11, 12, 13, 14, 15]
"Meier2019JGR": 	[0, 1, 2, 3, 4, 5, 6, 7]
"SIFT1B":  		[0, 3, 7, 11, 12, 13, 14, 15]
"OBS": 	 		[0, 1, 2, 3, 4, 13, 14, 15]
"BIGANN":  		[2, 8, 9, 10, 11, 12, 14, 15]
"Iquique"  		[0, 1, 2, 3, 4, 5, 6, 7]
"ASTRO":   		[0, 1, 2, 3, 4, 5, 6, 7]
"OBST2024":  		[6, 7, 8, 9, 10, 11, 12, 13]
"NEIC":	 		[0, 1, 2, 3, 4, 5, 6, 7]
"STEAD":			[0, 1, 2, 3, 6, 7, 8, 9]
"ETHZ":	 		[0, 1, 2, 3, 4, 5, 6, 7]
"TXED":			[3, 4, 5, 6, 7, 8, 9, 11]
"PNW":	 		[0, 1, 2, 3, 4, 5, 6, 7]
"ISC_EHB": 		[0, 1, 2, 3, 4, 5, 6, 9]
"SALD": 	 		[0, 1, 2, 3, 4, 5, 6, 7]
"DEEP1B":  		[0, 1, 3, 5, 9, 12, 13, 15]



By Variance, No limit (without DC coefficient, shifted by 1)

"LenDB":   		[0, 1, 2, 3, 6, 7, 8, 9]
"SCEDC":   		[8, 9, 10, 11, 12, 13, 14, 15]
"Meier2019JGR": 	[0, 1, 2, 3, 4, 5, 6, 7]
"SIFT1B":  		[11, 12, 14, 15, 16, 19, 27, 31]
"OBS": 	 		[0, 1, 2, 3, 4, 13, 14, 15]
"BIGANN":  		[2, 8, 9, 11, 12, 14, 15, 24]
"Iquique"  		[0, 1, 2, 3, 4, 5, 6, 7]
"ASTRO":   		[0, 1, 2, 3, 4, 5, 6, 7]
"OBST2024":  		[6, 7, 8, 9, 10, 11, 12, 13]
"NEIC":	 		[0, 1, 2, 3, 4, 5, 6, 7]
"STEAD":			[0, 1, 2, 6, 7, 8, 49, 50]
"ETHZ":	 		[0, 1, 2, 3, 4, 5, 6, 31]
"TXED":			[3, 4, 6, 8, 38, 41, 42, 53]
"PNW":	 		[0, 1, 2, 3, 4, 5, 6, 7]
"ISC_EHB": 		[0, 1, 2, 3, 4, 5, 6, 9]
"SALD": 	 		[0, 1, 2, 3, 4, 5, 6, 7]
"DEEP1B":  		[0, 1, 5, 12, 13, 15, 16, 17]

Comments: 
- LenDB: variances are extreemly low


By Mean, No Limit (without DC coefficient, shifted by 1)

"LenDB":   		[0, 2, 5, 8, 9, 11, 13, 17]
"SCEDC":   		[3, 8, 10, 13, 16, 19, 24, 33]
"Meier2019JGR": [0, 1, 3, 7, 17, 19, 28, 29]
"SIFT1B":  		[2, 12, 15, 16, 18, 26, 28, 31]
"OBS": 	 		[0, 1, 7, 14, 20, 23, 46, 59]
"BIGANN":  		[12, 13, 14, 15, 16, 17, 18, 24]
"Iquique"  		[1, 8, 9, 16, 17, 26, 32, 33]
"ASTRO":   		[0, 1, 2, 3, 4, 5, 6, 11]
"OBST2024":  	[7, 10, 16, 19, 21, 31, 44, 45]
"NEIC":	 		[0, 5, 8, 10, 13, 21, 22, 47]
"STEAD":		[9, 12, 23, 24, 31, 45, 58, 60]
"ETHZ":	 		[1, 15, 25, 26, 35, 39, 53, 62]
"TXED":			[5, 14, 18, 28, 54, 58, 59, 63]
"PNW":	 		[0, 3, 6, 12, 16, 31, 37, 46]
"ISC_EHB": 		[1, 2, 5, 6, 7, 9, 11, 13]
"SALD": 	 	[1, 2, 3, 4, 5, 6, 7, 8]
"DEEP1B":  		[0, 4, 9, 11, 14, 16, 18, 19]






Speedup:

Dataset	factor
"ASTRO":	[1.388981],
"BIGANN":	[2.557675],
"DEEP1B":	[1.018607],
"ETHC":	[1.139338],
"ISC_EHB":	[1.112836],
"Iquique":	[1.470009],
"LenDB":	[24.769759],
"Meier2019JGR":	[5.079399],
"NEIC":	[1.045959],
"OBS":	[1.635547],
"OBST2024":	[1.337423],
"PNW":	[0.992234],
"SALD":	[1.029678],
"SCEDC":	[7.025410],
"SIFT1B":	[3.584118],
"STEAD":	[1.094931],
"TXED":	[1.097406],
