Limit at 16 (without DC coefficient, shifted by 1)

"LenDB":   		[0, 1, 2, 3, 6, 7, 8, 9]
"SCEDC":   		[8, 9, 10, 11, 12, 13, 14, 15]
"Meier2019JGR": 	[0, 1, 2, 3, 4, 5, 6, 7]
"sift1b":  		[0, 3, 7, 11, 12, 13, 14, 15]
"OBS": 	 		[0, 1, 2, 3, 4, 13, 14, 15]
"bigANN":  		[2, 8, 9, 10, 11, 12, 14, 15]
"Iquique"  		[0, 1, 2, 3, 4, 5, 6, 7]
"astro":   		[0, 1, 2, 3, 4, 5, 6, 7]
"OBST2024":  		[6, 7, 8, 9, 10, 11, 12, 13]
"NEIC":	 		[0, 1, 2, 3, 4, 5, 6, 7]
"STEAD":			[0, 1, 2, 3, 6, 7, 8, 9]
"ETHZ":	 		[0, 1, 2, 3, 4, 5, 6, 7]
"TXED":			[3, 4, 5, 6, 7, 8, 9, 11]
"PNW":	 		[0, 1, 2, 3, 4, 5, 6, 7]
"ISC_EHB": 		[0, 1, 2, 3, 4, 5, 6, 9]
"SALD": 	 		[0, 1, 2, 3, 4, 5, 6, 7]
"deep1b":  		[0, 1, 3, 5, 9, 12, 13, 15]



No limit (without DC coefficient, shifted by 1)

"LenDB":   		[0, 1, 2, 3, 6, 7, 8, 9]
"SCEDC":   		[8, 9, 10, 11, 12, 13, 14, 15]
"Meier2019JGR": 	[0, 1, 2, 3, 4, 5, 6, 7]
"sift1b":  		[11, 12, 14, 15, 16, 19, 27, 31]
"OBS": 	 		[0, 1, 2, 3, 4, 13, 14, 15]
"bigANN":  		[2, 8, 9, 11, 12, 14, 15, 24]
"Iquique"  		[0, 1, 2, 3, 4, 5, 6, 7]
"astro":   		[0, 1, 2, 3, 4, 5, 6, 7]
"OBST2024":  		[6, 7, 8, 9, 10, 11, 12, 13]
"NEIC":	 		[0, 1, 2, 3, 4, 5, 6, 7]
"STEAD":			[0, 1, 2, 6, 7, 8, 49, 50]
"ETHZ":	 		[0, 1, 2, 3, 4, 5, 6, 31]
"TXED":			[3, 4, 6, 8, 38, 41, 42, 53]
"PNW":	 		[0, 1, 2, 3, 4, 5, 6, 7]
"ISC_EHB": 		[0, 1, 2, 3, 4, 5, 6, 9]
"SALD": 	 		[0, 1, 2, 3, 4, 5, 6, 7]
"deep1b":  		[0, 1, 5, 12, 13, 15, 16, 17]


LenDB: variances are extreemly low



Speedup:

Dataset	factor
"ASTRO":	[1.388981],
"BIGANN":	[2.557675],
"DEEP1B":	[1.018607],
"ETHC":	[1.139338],
"ISC_EHB_DepthPhases":	[1.112836],
"Iquique":	[1.470009],
"LenDB":	[24.769759],
"Meier2019JGR":	[5.079399],
"NEIC":	[1.045959],
"OBS":	[1.635547],
"OBST2024":	[1.337423],
"PNW":	[0.992234],
"SALD":	[1.029678],
"SCEDC":	[7.025410],
"SIFT1B":	[3.584118],
"STEAD":	[1.094931],
"TXED":	[1.097406],
